branch_id,branch_code,branch_city
1,B6B5248,1
2,30A5B35,6
3,FD87AE0,11
4,9746BD5,16
5,7511086,21
6,8F3D863,26
7,BDE7DBD,31
8,2597E80,36
9,E64C7AC,41
10,85D0FC2,46
11,7081D54,51
12,4439E04,56
13,2712844,61
14,5FF4E66,66
15,4B64E88,71
16,BE27CC3,76
17,D77986C,81
18,E16ED28,86
19,7130E95,91
20,7D225E6,96
21,300B59C,101
22,DB39F3F,106
23,BE487E7,111
24,94BDF22,116
25,0096235,121
26,BFDF1FB,126
27,06970FB,131
28,7D2A4D1,136
29,02981A4,141
30,9234134,146
31,5E26618,151
32,73A68CD,156
33,1BA92E5,1
34,5BD8004,2
35,475565E,3
36,8DEDB5D,4
37,9EEF0B2,5
38,119602B,6
39,D4F0849,7
40,225C28C,8
41,F978B71,9
42,C267197,10
43,F14C4F5,11
44,9AFC130,12
45,5AC337C,13
46,9CE4296,14
47,B82C724,15
48,CCEA868,16
49,E9CA4C0,17
50,1F04D47,18
51,E4268D1,19
52,EEB3E69,20
53,F770D5B,21
54,E281AA8,22
55,AA27582,23
56,DD083C4,24
57,A7C444B,25
58,21299DC,26
59,86D0F89,27
60,287188E,28
61,5613B74,29
62,D179FF1,30
63,1EEA56E,31
64,DA5613E,32
65,82C6FD3,33
66,59802FB,34
67,451635F,35
68,EF7600A,36
69,ED7BA52,37
70,55D183F,38
72,B0A257C,40
73,4F8758B,41
74,4CB52B4,42
75,406D01E,43
76,2655508,44
77,C454090,45
78,2761A8F,46
79,DBF4897,47
80,086A5D8,48
81,969D223,49
82,7E6D30B,50
83,E1CFC0F,51
84,EDB164E,52
85,5799A6E,53
86,FD3B631,54
87,CB0F583,55
88,021F77D,56
89,1BBEF7B,57
90,B1BE0B4,58
91,E3BDC43,59
92,C5F5A79,60
93,9B62E33,61
94,3672587,62
95,E0A1520,63
96,DE36C49,64
97,D88924B,65
98,1207ABC,66
99,4E06999,67
100,9C9AAC9,68
101,6100435,69
102,50EDC14,70
103,14291E4,71
104,A2D68E1,72
105,BF92594,73
106,17BD2DD,74
107,AABD33B,75
108,741E98B,76
109,5142650,77
110,03FE1B2,78
111,0A64A0E,79
112,2C3DF9B,80
113,67A9BBE,81
114,70FA3FF,82
115,7239DA7,83
116,203215D,84
117,088E54D,85
118,5866CD1,86
119,5798C4B,87
120,A978915,88
121,F510428,89
122,60E87B4,90
123,A89CC5E,91
124,99D62B0,92
125,5651C3D,93
126,557C121,94
127,99B716E,95
128,A60B8B3,96
129,92F644D,97
130,C176C37,98
131,4767E65,99
132,9D16605,100
133,081BEF6,101
134,9925D83,102
135,D2C4F88,103
136,45CC799,104
137,84134F9,105
138,2D88AF4,106
139,2E1BBB7,107
140,5F9DA88,108
141,9900565,109
142,0FC2DCA,110
143,15FCF0F,111
144,7DEA1D8,112
145,742CECF,113
146,2153C6B,114
147,6AF0FF1,115
148,3FB8C0F,116
149,B55B4DC,117
150,083971B,118
151,B42FEF0,119
152,D1EDF75,120
153,5A68730,121
154,2334AB7,122
155,F34E76C,123
156,3362D15,124
157,D05E0DB,125
158,6EB0BD9,126
159,8AEEAA0,127
160,345133C,128
161,5A96051,129
162,FCF7AF1,130
163,2F76292,131
164,B4041F5,132
165,6938831,133
166,CB45B07,134
167,46232DD,135
168,AE5745F,136
169,C178255,137
170,D2A6CEA,138
171,6ECC73F,139
172,2E7FFD2,140
173,BF86A39,141
174,E2D3E66,142
175,78D3CF2,143
176,AD6EE1C,144
177,577B6C8,145
178,0F8CD49,146
179,FDD18CE,147
180,601E92E,148
181,1E88E97,149
182,CE6CC11,150
183,0D59D63,151
184,FDFE495,152
185,21D57BF,153
186,F3AD4D4,154
187,24D8450,155
188,CE38D71,156
189,85C4219,157
190,81060CE,158
191,F4AA820,159
192,ABFB673,160
193,A0A8B01,5
194,40B519B,10
195,84BDCC2,15
196,E56EAB5,20
197,7A3D591,25
198,5020E3E,30
199,59E5160,35
200,C19C7FD,40
201,72AB885,45
202,AEEBC24,50
203,1AEFD87,55
204,CD63658,60
205,415E870,65
206,CA1AF9D,70
207,13A0EB5,75
208,C642066,80
209,33813F0,85
210,56538E6,90
211,E6270D4,95
212,7140D3B,100
213,C1EE98B,105
214,4E898A0,110
215,AD03A81,115
216,DEB8028,120
217,37D3704,125
218,0BCAFBD,130
219,4822D80,135
220,20A7BBD,140
221,96535CC,145
222,B01ABC6,150
223,C105FD0,155
224,B38F4C0,160
225,5AF359D,1
226,90B608C,11
227,5BEBB80,21
228,B735A84,31
229,E82BE99,41
230,97F1F54,51
231,140B7B1,61
232,7AA8776,71
233,D28CAA3,81
234,D858730,91
235,3F0CD85,101
236,73C079A,111
237,AE7BE1A,121
238,E97EF89,131
239,5A10614,141
240,321C073,151
